-1.325490474700927734e-01
-1.334051936864852905e-01
7.254422642290592194e-03
-1.902960124425590038e-03
-1.636190414428710938e-01
-1.053246930241584778e-01
-7.520695030689239502e-02
7.046066224575042725e-02
-1.245384686626493931e-03
4.120592027902603149e-02
-6.286176294088363647e-02
-1.158103719353675842e-01
1.675315797328948975e-01
-9.181054681539535522e-02
-4.258590284734964371e-03
-1.686345040798187256e-01
5.229814723134040833e-02
1.776206679642200470e-02
3.375174477696418762e-02
-6.323199719190597534e-02
-2.942869067192077637e-02
-5.029765516519546509e-02
-1.782889291644096375e-02
2.007258357480168343e-03
2.071023732423782349e-02
-3.373105451464653015e-02
-1.474169641733169556e-01
7.761293649673461914e-02
-7.918849587440490723e-02
-2.143442071974277496e-02
-5.138034000992774963e-03
-1.040832698345184326e-02
-1.445391774177551270e-01
-1.134360358119010925e-01
-1.479455381631851196e-01
4.966221749782562256e-02
6.543135736137628555e-03
1.485586166381835938e-01
6.090779975056648254e-02
1.161248423159122467e-02
-7.367547601461410522e-02
-4.034096375107765198e-02
7.431855052709579468e-02
-3.427866846323013306e-02
1.093152724206447601e-02
-6.841127574443817139e-02
-1.006564721465110779e-01
1.195978894829750061e-01
3.368249535560607910e-02
-4.329033941030502319e-02
-1.454681158065795898e-01
-1.380485147237777710e-01
4.308726266026496887e-02
1.648747548460960388e-02
2.302272617816925049e-02
2.029215544462203979e-01
-9.178499132394790649e-02
5.018335580825805664e-02
1.108461841940879822e-01
-6.280034780502319336e-02
1.562853604555130005e-01
8.488379418849945068e-02
-4.805182665586471558e-02
-2.718897303566336632e-03
6.924919039011001587e-02
1.517695374786853790e-02
2.499784901738166809e-02
-7.995212078094482422e-02
9.511711075901985168e-03
2.197577953338623047e-01
4.414883628487586975e-02
1.022259220480918884e-01
-9.527515619993209839e-02
-1.768100075423717499e-02
-7.715581916272640228e-03
1.740724146366119385e-01
-3.448308631777763367e-02
1.389452666044235229e-01
-1.779423654079437256e-01
3.823074325919151306e-02
-1.429837495088577271e-01
5.396889150142669678e-02
5.308713763952255249e-02
-6.285520642995834351e-02
-6.066072732210159302e-02
3.157463157549500465e-03
3.698311373591423035e-02
-1.588722169399261475e-01
-1.348929852247238159e-01
3.215646371245384216e-03
-1.824284717440605164e-02
1.995118111371994019e-01
1.715059950947761536e-02
7.441641390323638916e-02
-5.536252260208129883e-02
-1.603350490331649780e-01
-6.264180690050125122e-02
3.464645519852638245e-02
5.608245357871055603e-02
1.595490798354148865e-02
2.205687342211604118e-03
7.027151435613632202e-02
7.428080588579177856e-02
1.370409727096557617e-01
5.273347720503807068e-03
-1.213200688362121582e-01
5.445573106408119202e-02
1.111569851636886597e-01
6.944473087787628174e-02
-9.063936024904251099e-02
1.744531653821468353e-02
1.303737517446279526e-02
3.826648741960525513e-02
9.581653401255607605e-03
-1.315412670373916626e-01
2.266043610870838165e-02
1.984610781073570251e-02
8.786922693252563477e-02
1.656022854149341583e-02
-1.124849990010261536e-01
1.231554821133613586e-01
-7.911649346351623535e-02
-2.318678982555866241e-02
-3.750930726528167725e-02
1.209694296121597290e-01
-7.613746821880340576e-02
-1.534099578857421875e-01
8.764377795159816742e-03
