-1.331980526447296143e-01
-1.564398854970932007e-01
4.960543010383844376e-03
1.103520393371582031e-03
-1.726738959550857544e-01
-7.940486073493957520e-02
-3.887186944484710693e-02
5.225372314453125000e-02
-2.782090753316879272e-02
3.361466526985168457e-02
-6.748217344284057617e-02
-1.493663787841796875e-01
1.754827350378036499e-01
-6.671856343746185303e-02
-2.133242553099989891e-03
-1.616625636816024780e-01
5.038996040821075439e-02
3.936009481549263000e-02
1.645226590335369110e-02
-7.735253870487213135e-02
-3.555932641029357910e-02
-3.590515628457069397e-02
-1.901960000395774841e-02
-4.345072060823440552e-02
4.725916311144828796e-02
-3.260068222880363464e-02
-1.308131366968154907e-01
1.195349395275115967e-01
-4.712511226534843445e-02
-4.310257732868194580e-02
8.906393311917781830e-03
1.013973448425531387e-02
-1.509511619806289673e-01
-1.364744305610656738e-01
-1.503876447677612305e-01
3.079411201179027557e-02
1.868559047579765320e-02
1.015385985374450684e-01
6.944978237152099609e-02
5.761123262345790863e-03
-6.088947504758834839e-02
-1.754547841846942902e-02
2.897233515977859497e-02
-1.161222904920578003e-02
2.179722860455513000e-02
-8.459167182445526123e-02
-1.241518482565879822e-01
1.034101918339729309e-01
7.030716538429260254e-02
-3.323694318532943726e-02
-1.327148079872131348e-01
-1.298411488533020020e-01
4.427798092365264893e-02
5.117608979344367981e-02
2.000829204916954041e-02
2.088513821363449097e-01
-9.328665584325790405e-02
3.222792968153953552e-02
1.166831478476524353e-01
-3.677367046475410461e-02
1.620230972766876221e-01
7.903678715229034424e-02
-4.006289318203926086e-02
-1.788338832557201385e-02
6.189038604497909546e-02
2.617164887487888336e-02
2.601203322410583496e-02
-9.043946862220764160e-02
-4.316494334489107132e-03
1.837884187698364258e-01
1.303175184875726700e-02
1.238650009036064148e-01
-1.060630530118942261e-01
-1.454453542828559875e-02
-1.130979601293802261e-02
1.715490221977233887e-01
-5.089686065912246704e-02
1.412198096513748169e-01
-1.550707817077636719e-01
4.268148168921470642e-02
-1.438640207052230835e-01
7.370715588331222534e-02
2.702289260923862457e-02
-8.813595026731491089e-02
-6.132021918892860413e-02
1.002526562660932541e-02
-1.267941389232873917e-02
-1.369725614786148071e-01
-1.327552944421768188e-01
-5.793762858957052231e-03
-3.232477977871894836e-02
2.226807624101638794e-01
3.069006837904453278e-02
4.838736355304718018e-02
-3.647921234369277954e-02
-1.656337529420852661e-01
-6.436959654092788696e-02
4.136518388986587524e-02
7.956270128488540649e-02
4.798230901360511780e-02
4.676840826869010925e-02
6.211171671748161316e-02
8.523165434598922729e-02
1.331643909215927124e-01
-6.870508193969726562e-03
-1.155779212713241577e-01
5.096031352877616882e-02
1.249947920441627502e-01
1.575558818876743317e-02
-6.683076173067092896e-02
2.261895872652530670e-02
-6.460232194513082504e-03
3.456117119640111923e-03
2.870770171284675598e-02
-1.127449572086334229e-01
1.421920210123062134e-02
1.281739585101604462e-02
1.249242648482322693e-01
-2.041827328503131866e-02
-1.218679919838905334e-01
1.419996321201324463e-01
-8.757794648408889771e-02
-3.380812332034111023e-02
-5.239519104361534119e-02
1.069142594933509827e-01
-7.584314793348312378e-02
-1.401775926351547241e-01
7.371233310550451279e-03
